digraph Tree {
node [shape=box] ;
0 [label="reanalysis_tdtr_k <= 0.167\nentropy = 5.669\nsamples = 1199\nvalue = [88, 53, 67, 55, 44, 60, 59, 50, 40, 37, 33, 35\n23, 26, 25, 18, 25, 27, 24, 14, 18, 20, 12, 18\n8, 14, 16, 8, 13, 13, 16, 12, 5, 10, 11, 10, 6\n11, 6, 3, 7, 1, 5, 3, 5, 2, 3, 6, 4, 4, 3\n2, 3, 5, 1, 5, 6, 2, 1, 2, 3, 2, 2, 2, 3, 3\n2, 3, 4, 2, 4, 3, 2, 1, 4, 3, 1, 2, 1, 2, 2\n3, 1, 1, 2, 1, 1, 2, 1, 2, 1, 1, 1, 1, 1, 1\n2, 1, 2, 1, 1, 3, 1, 1, 1, 1, 1, 1, 1, 1, 1\n1, 1, 1, 1, 1, 1]"] ;
1 [label="reanalysis_max_air_temp_k <= 0.819\nentropy = 6.095\nsamples = 718\nvalue = [3, 9, 22, 25, 19, 18, 27, 26, 19, 19, 23, 18\n15, 19, 20, 16, 17, 24, 19, 11, 15, 15, 9, 15\n7, 11, 12, 7, 10, 10, 15, 11, 4, 9, 10, 7, 6\n9, 4, 3, 7, 1, 5, 3, 4, 2, 3, 6, 4, 4, 2, 2\n3, 5, 1, 5, 6, 2, 0, 2, 3, 2, 2, 1, 3, 3, 2\n3, 4, 2, 4, 3, 2, 1, 4, 3, 1, 2, 1, 1, 2, 3\n1, 1, 2, 1, 1, 2, 1, 2, 1, 1, 1, 1, 1, 1, 2\n1, 2, 0, 1, 3, 1, 1, 1, 1, 1, 1, 1, 1, 1, 1\n1, 1, 1, 1, 1]"] ;
0 -> 1 [labeldistance=2.5, labelangle=45, headlabel="True"] ;
2 [label="reanalysis_tdtr_k <= 0.064\nentropy = 5.546\nsamples = 358\nvalue = [2, 8, 16, 19, 10, 8, 14, 15, 13, 12, 9, 14, 10\n10, 6, 12, 9, 17, 9, 7, 8, 6, 7, 8, 5, 4, 10\n3, 6, 5, 7, 5, 2, 2, 4, 3, 1, 7, 2, 1, 3, 0\n0, 0, 0, 0, 1, 4, 0, 1, 2, 0, 1, 3, 0, 0, 3\n1, 0, 0, 2, 0, 0, 1, 0, 0, 0, 1, 1, 1, 1, 1\n1, 0, 2, 0, 1, 0, 0, 0, 2, 0, 1, 1, 0, 0, 0\n0, 1, 0, 1, 0, 0, 0, 0, 0, 1, 0, 1, 0, 0, 1\n0, 0, 0, 1, 1, 0, 0, 0, 0, 0, 0, 0, 0, 0, 0]"] ;
1 -> 2 ;
3 [label="entropy = 5.457\nsamples = 145\nvalue = [0, 1, 2, 3, 2, 0, 5, 3, 6, 7, 5, 6, 4, 3, 1\n7, 4, 7, 5, 3, 6, 1, 2, 4, 2, 3, 6, 1, 3, 4\n3, 4, 1, 2, 1, 3, 0, 1, 0, 1, 1, 0, 0, 0, 0\n0, 0, 2, 0, 1, 0, 0, 1, 2, 0, 0, 1, 0, 0, 0\n2, 0, 0, 0, 0, 0, 0, 1, 1, 1, 1, 0, 1, 0, 1\n0, 1, 0, 0, 0, 1, 0, 1, 0, 0, 0, 0, 0, 0, 0\n1, 0, 0, 0, 0, 0, 1, 0, 1, 0, 0, 0, 0, 0, 0\n0, 1, 0, 0, 0, 0, 0, 0, 0, 0, 0, 0]"] ;
2 -> 3 ;
4 [label="reanalysis_relative_humidity_percent <= 0.466\nentropy = 5.237\nsamples = 213\nvalue = [2, 7, 14, 16, 8, 8, 9, 12, 7, 5, 4, 8, 6, 7\n5, 5, 5, 10, 4, 4, 2, 5, 5, 4, 3, 1, 4, 2\n3, 1, 4, 1, 1, 0, 3, 0, 1, 6, 2, 0, 2, 0, 0\n0, 0, 0, 1, 2, 0, 0, 2, 0, 0, 1, 0, 0, 2, 1\n0, 0, 0, 0, 0, 1, 0, 0, 0, 0, 0, 0, 0, 1, 0\n0, 1, 0, 0, 0, 0, 0, 1, 0, 0, 1, 0, 0, 0, 0\n1, 0, 0, 0, 0, 0, 0, 0, 0, 0, 0, 0, 0, 1, 0\n0, 0, 1, 0, 0, 0, 0, 0, 0, 0, 0, 0, 0, 0]"] ;
2 -> 4 ;
5 [label="entropy = 4.869\nsamples = 101\nvalue = [1, 1, 5, 7, 2, 0, 5, 6, 4, 3, 2, 3, 4, 5, 4\n4, 4, 7, 4, 2, 1, 4, 1, 1, 2, 0, 2, 2, 3, 0\n1, 1, 0, 0, 2, 0, 0, 3, 0, 0, 0, 0, 0, 0, 0\n0, 0, 2, 0, 0, 0, 0, 0, 0, 0, 0, 1, 0, 0, 0\n0, 0, 0, 0, 0, 0, 0, 0, 0, 0, 0, 0, 0, 0, 1\n0, 0, 0, 0, 0, 0, 0, 0, 1, 0, 0, 0, 0, 0, 0\n0, 0, 0, 0, 0, 0, 0, 0, 0, 0, 0, 0, 0, 0, 0\n0, 0, 0, 0, 0, 0, 0, 0, 0, 0, 0, 0]"] ;
4 -> 5 ;
6 [label="entropy = 5.049\nsamples = 112\nvalue = [1, 6, 9, 9, 6, 8, 4, 6, 3, 2, 2, 5, 2, 2, 1\n1, 1, 3, 0, 2, 1, 1, 4, 3, 1, 1, 2, 0, 0, 1\n3, 0, 1, 0, 1, 0, 1, 3, 2, 0, 2, 0, 0, 0, 0\n0, 1, 0, 0, 0, 2, 0, 0, 1, 0, 0, 1, 1, 0, 0\n0, 0, 0, 1, 0, 0, 0, 0, 0, 0, 0, 1, 0, 0, 0\n0, 0, 0, 0, 0, 1, 0, 0, 0, 0, 0, 0, 0, 1, 0\n0, 0, 0, 0, 0, 0, 0, 0, 0, 0, 0, 1, 0, 0, 0\n1, 0, 0, 0, 0, 0, 0, 0, 0, 0, 0, 0]"] ;
4 -> 6 ;
7 [label="reanalysis_tdtr_k <= 0.062\nentropy = 6.239\nsamples = 360\nvalue = [1, 1, 6, 6, 9, 10, 13, 11, 6, 7, 14, 4, 5, 9\n14, 4, 8, 7, 10, 4, 7, 9, 2, 7, 2, 7, 2, 4\n4, 5, 8, 6, 2, 7, 6, 4, 5, 2, 2, 2, 4, 1, 5\n3, 4, 2, 2, 2, 4, 3, 0, 2, 2, 2, 1, 5, 3, 1\n0, 2, 1, 2, 2, 0, 3, 3, 2, 2, 3, 1, 3, 2, 1\n1, 2, 3, 0, 2, 1, 1, 0, 3, 0, 0, 2, 1, 1, 2\n0, 2, 0, 1, 1, 1, 1, 1, 1, 1, 1, 0, 1, 2, 1\n1, 1, 0, 0, 1, 1, 1, 1, 1, 1, 1, 1, 1, 1]"] ;
1 -> 7 ;
8 [label="entropy = 5.622\nsamples = 108\nvalue = [0, 0, 1, 0, 2, 1, 4, 0, 1, 3, 4, 0, 0, 1, 3\n1, 0, 3, 3, 3, 1, 1, 1, 6, 0, 4, 2, 3, 3, 3\n4, 0, 2, 3, 0, 1, 2, 1, 1, 0, 1, 0, 2, 2, 4\n1, 0, 2, 2, 2, 0, 0, 1, 0, 0, 1, 2, 1, 0, 0\n0, 0, 1, 0, 2, 1, 1, 1, 2, 1, 0, 0, 0, 0, 0\n0, 0, 1, 0, 0, 0, 1, 0, 0, 1, 1, 0, 0, 0, 0\n0, 0, 0, 1, 0, 0, 0, 0, 0, 0, 0, 1, 1, 0, 0\n0, 0, 0, 0, 0, 1, 0, 0, 1, 1, 0, 0]"] ;
7 -> 8 ;
9 [label="reanalysis_tdtr_k <= 0.09\nentropy = 6.03\nsamples = 252\nvalue = [1, 1, 5, 6, 7, 9, 9, 11, 5, 4, 10, 4, 5, 8\n11, 3, 8, 4, 7, 1, 6, 8, 1, 1, 2, 3, 0, 1\n1, 2, 4, 6, 0, 4, 6, 3, 3, 1, 1, 2, 3, 1, 3\n1, 0, 1, 2, 0, 2, 1, 0, 2, 1, 2, 1, 4, 1, 0\n0, 2, 1, 2, 1, 0, 1, 2, 1, 1, 1, 0, 3, 2, 1\n1, 2, 3, 0, 1, 1, 1, 0, 2, 0, 0, 1, 0, 1, 2\n0, 2, 0, 1, 1, 0, 1, 1, 1, 1, 1, 0, 1, 1, 0\n1, 1, 0, 0, 1, 1, 1, 0, 1, 1, 0, 0, 1, 1]"] ;
7 -> 9 ;
10 [label="entropy = 5.582\nsamples = 132\nvalue = [1, 1, 3, 6, 3, 4, 4, 6, 0, 1, 6, 2, 5, 1, 7\n1, 5, 1, 3, 0, 2, 7, 0, 0, 0, 3, 0, 1, 0, 2\n3, 4, 0, 3, 3, 2, 2, 0, 1, 0, 0, 1, 1, 0, 0\n1, 2, 0, 1, 1, 0, 1, 1, 1, 0, 2, 1, 0, 0, 2\n0, 2, 0, 0, 1, 0, 1, 1, 0, 0, 3, 2, 0, 1, 0\n1, 0, 1, 0, 0, 0, 2, 0, 0, 0, 0, 0, 1, 0, 0\n0, 0, 1, 0, 0, 0, 1, 1, 0, 0, 0, 0, 0, 1, 0\n0, 0, 0, 1, 0, 0, 1, 1, 0, 0, 1, 0]"] ;
9 -> 10 ;
11 [label="entropy = 5.625\nsamples = 120\nvalue = [0, 0, 2, 0, 4, 5, 5, 5, 5, 3, 4, 2, 0, 7, 4\n2, 3, 3, 4, 1, 4, 1, 1, 1, 2, 0, 0, 0, 1, 0\n1, 2, 0, 1, 3, 1, 1, 1, 0, 2, 3, 0, 2, 1, 0\n0, 0, 0, 1, 0, 0, 1, 0, 1, 1, 2, 0, 0, 0, 0\n1, 0, 1, 0, 0, 2, 0, 0, 1, 0, 0, 0, 1, 0, 2\n2, 0, 0, 1, 1, 0, 0, 0, 0, 1, 0, 1, 1, 0, 2\n0, 1, 0, 0, 1, 1, 0, 0, 1, 0, 1, 1, 0, 0, 1\n0, 0, 1, 0, 1, 0, 0, 0, 0, 0, 0, 1]"] ;
9 -> 11 ;
12 [label="station_diur_temp_rng_c <= 0.501\nentropy = 4.292\nsamples = 481\nvalue = [85, 44, 45, 30, 25, 42, 32, 24, 21, 18, 10, 17\n8, 7, 5, 2, 8, 3, 5, 3, 3, 5, 3, 3, 1, 3, 4\n1, 3, 3, 1, 1, 1, 1, 1, 3, 0, 2, 2, 0, 0, 0\n0, 0, 1, 0, 0, 0, 0, 0, 1, 0, 0, 0, 0, 0, 0\n0, 1, 0, 0, 0, 0, 1, 0, 0, 0, 0, 0, 0, 0, 0\n0, 0, 0, 0, 0, 0, 0, 1, 0, 0, 0, 0, 0, 0, 0\n0, 0, 0, 0, 0, 0, 0, 0, 0, 0, 0, 0, 1, 0, 0\n0, 0, 0, 0, 0, 0, 0, 0, 0, 0, 0, 0, 0, 0, 0]"] ;
0 -> 12 [labeldistance=2.5, labelangle=-45, headlabel="False"] ;
13 [label="entropy = 4.291\nsamples = 199\nvalue = [18, 23, 16, 15, 10, 12, 22, 10, 14, 8, 7, 6, 4\n5, 5, 0, 0, 0, 1, 0, 2, 2, 0, 2, 1, 1, 3, 1\n1, 1, 0, 0, 1, 0, 0, 1, 0, 1, 2, 0, 0, 0, 0\n0, 1, 0, 0, 0, 0, 0, 0, 0, 0, 0, 0, 0, 0, 0\n1, 0, 0, 0, 0, 1, 0, 0, 0, 0, 0, 0, 0, 0, 0\n0, 0, 0, 0, 0, 0, 0, 0, 0, 0, 0, 0, 0, 0, 0\n0, 0, 0, 0, 0, 0, 0, 0, 0, 0, 0, 1, 0, 0, 0\n0, 0, 0, 0, 0, 0, 0, 0, 0, 0, 0, 0, 0, 0]"] ;
12 -> 13 ;
14 [label="reanalysis_max_air_temp_k <= 0.488\nentropy = 4.036\nsamples = 282\nvalue = [67, 21, 29, 15, 15, 30, 10, 14, 7, 10, 3, 11, 4\n2, 0, 2, 8, 3, 4, 3, 1, 3, 3, 1, 0, 2, 1, 0\n2, 2, 1, 1, 0, 1, 1, 2, 0, 1, 0, 0, 0, 0, 0\n0, 0, 0, 0, 0, 0, 0, 1, 0, 0, 0, 0, 0, 0, 0\n0, 0, 0, 0, 0, 0, 0, 0, 0, 0, 0, 0, 0, 0, 0\n0, 0, 0, 0, 0, 0, 1, 0, 0, 0, 0, 0, 0, 0, 0\n0, 0, 0, 0, 0, 0, 0, 0, 0, 0, 0, 0, 0, 0, 0\n0, 0, 0, 0, 0, 0, 0, 0, 0, 0, 0, 0, 0, 0]"] ;
12 -> 14 ;
15 [label="entropy = 3.446\nsamples = 162\nvalue = [56, 12, 18, 13, 8, 15, 3, 8, 4, 4, 0, 2, 2, 1\n0, 0, 2, 0, 1, 1, 1, 1, 2, 1, 0, 2, 0, 0, 1\n2, 0, 1, 0, 0, 0, 1, 0, 0, 0, 0, 0, 0, 0, 0\n0, 0, 0, 0, 0, 0, 0, 0, 0, 0, 0, 0, 0, 0, 0\n0, 0, 0, 0, 0, 0, 0, 0, 0, 0, 0, 0, 0, 0, 0\n0, 0, 0, 0, 0, 0, 0, 0, 0, 0, 0, 0, 0, 0, 0\n0, 0, 0, 0, 0, 0, 0, 0, 0, 0, 0, 0, 0, 0, 0\n0, 0, 0, 0, 0, 0, 0, 0, 0, 0, 0, 0, 0]"] ;
14 -> 15 ;
16 [label="entropy = 4.352\nsamples = 120\nvalue = [11, 9, 11, 2, 7, 15, 7, 6, 3, 6, 3, 9, 2, 1\n0, 2, 6, 3, 3, 2, 0, 2, 1, 0, 0, 0, 1, 0, 1\n0, 1, 0, 0, 1, 1, 1, 0, 1, 0, 0, 0, 0, 0, 0\n0, 0, 0, 0, 0, 0, 1, 0, 0, 0, 0, 0, 0, 0, 0\n0, 0, 0, 0, 0, 0, 0, 0, 0, 0, 0, 0, 0, 0, 0\n0, 0, 0, 0, 0, 1, 0, 0, 0, 0, 0, 0, 0, 0, 0\n0, 0, 0, 0, 0, 0, 0, 0, 0, 0, 0, 0, 0, 0, 0\n0, 0, 0, 0, 0, 0, 0, 0, 0, 0, 0, 0, 0]"] ;
14 -> 16 ;
}
